1
64
2.2
3.55258
3.67057
2.32675
0.2169
-1.51181
-2.04883
-1.45549
-0.56361
-0.31929
-1.05796
-2.24465
-2.87102
-2.2171
-0.41711
1.59065
2.7
2.40083
1.11829
-0.11676
-0.42326
0.30004
1.32787
1.67416
0.85061
-0.74231
-2.08291
-2.26216
-1.14847
0.50364
1.58337
1.40909
0.2
-1.10566
-1.54925
-0.85399
0.3831
1.14769
0.77603
-0.53221
-1.83639
-2.12763
-1.06336
0.77189
2.27102
2.58122
1.68991
0.39705
-0.3
0.04609
1.00303
1.58952
1.02326
-0.66416
-2.60067
-3.66186
-3.25061
-1.70461
-0.03841
0.7894
0.54847
-0.13952
-0.31057
0.57861
