2
64 64
0.72897 0.97237 0.36812 -0.5225 -0.99211 -0.73963 0.0 0.71813 1.0 0.73963 0.12533 -0.5225 -0.92978 -0.97237 -0.68455 -0.20279 0.30902 0.71813 0.95106 0.99396 0.87631 0.64945 0.36812 0.07846 -0.18738 -0.41151 -0.58779 -0.71813 -0.80902 -0.86863 -0.90483 -0.92388 -0.92978 -0.92388 -0.90483 -0.86863 -0.80902 -0.71813 -0.58779 -0.41151 -0.18738 0.07846 0.36812 0.64945 0.87631 0.99396 0.95106 0.71813 0.30902 -0.20279 -0.68455 -0.97237 -0.92978 -0.5225 0.12533 0.73963 1.0 0.71813 0.0 -0.73963 -0.99211 -0.5225 0.36812 0.97237 
0.97237 0.33874 -0.57501 -0.99951 -0.64945 0.15643 0.83581 0.97592 0.54902 -0.15643 -0.76041 -0.99951 -0.81815 -0.33874 0.23345 0.70711 0.96456 0.97592 0.78043 0.45399 0.07846 -0.27899 -0.57501 -0.79016 -0.92388 -0.98769 -0.99889 -0.97592 -0.93544 -0.89101 -0.85264 -0.82708 -0.81815 -0.82708 -0.85264 -0.89101 -0.93544 -0.97592 -0.99889 -0.98769 -0.92388 -0.79016 -0.57501 -0.27899 0.07846 0.45399 0.78043 0.97592 0.96456 0.70711 0.23345 -0.33874 -0.81815 -0.99951 -0.76041 -0.15643 0.54902 0.97592 0.83581 0.15643 -0.64945 -0.99951 -0.57501 0.33874 
0.36812 -0.57501 -1.0 -0.60042 0.24869 0.89803 0.92978 0.38268 -0.36812 -0.89803 -0.96858 -0.60042 0.0 0.57501 0.92978 0.98511 0.77051 0.38268 -0.06279 -0.46793 -0.77051 -0.94609 -1.0 -0.95579 -0.84433 -0.69591 -0.53583 -0.38268 -0.24869 -0.1409 -0.06279 -0.01571 0.0 -0.01571 -0.06279 -0.1409 -0.24869 -0.38268 -0.53583 -0.69591 -0.84433 -0.95579 -1.0 -0.94609 -0.77051 -0.46793 -0.06279 0.38268 0.77051 0.98511 0.92978 0.57501 0.0 -0.60042 -0.96858 -0.89803 -0.36812 0.38268 0.92978 0.89803 0.24869 -0.60042 -1.0 -0.57501 
-0.5225 -0.99951 -0.60042 0.27899 0.92388 0.89101 0.26387 -0.50904 -0.96456 -0.89101 -0.38268 0.27899 0.79968 0.99951 0.85264 0.45399 -0.04711 -0.50904 -0.83581 -0.98769 -0.97237 -0.82708 -0.60042 -0.33874 -0.07846 0.15643 0.35347 0.50904 0.62524 0.70711 0.76041 0.79016 0.79968 0.79016 0.76041 0.70711 0.62524 0.50904 0.35347 0.15643 -0.07846 -0.33874 -0.60042 -0.82708 -0.97237 -0.98769 -0.83581 -0.50904 -0.04711 0.45399 0.85264 0.99951 0.79968 0.27899 -0.38268 -0.89101 -0.96456 -0.50904 0.26387 0.89101 0.92388 0.27899 -0.60042 -0.99951 
-0.99211 -0.64945 0.24869 0.92388 0.87631 0.20279 -0.58779 -0.99002 -0.80902 -0.20279 0.48175 0.92388 0.96858 0.64945 0.12533 -0.41151 -0.80902 -0.99002 -0.95106 -0.73963 -0.42578 -0.07846 0.24869 0.5225 0.72897 0.86863 0.95106 0.99002 1.0 0.99396 0.98229 0.97237 0.96858 0.97237 0.98229 0.99396 1.0 0.99002 0.95106 0.86863 0.72897 0.5225 0.24869 -0.07846 -0.42578 -0.73963 -0.95106 -0.99002 -0.80902 -0.41151 0.12533 0.64945 0.96858 0.92388 0.48175 -0.20279 -0.80902 -0.99002 -0.58779 0.20279 0.87631 0.92388 0.24869 -0.64945 
-0.73963 0.15643 0.89803 0.89101 0.20279 -0.61291 -0.99692 -0.75011 -0.07846 0.61291 0.97922 0.89101 0.43994 -0.15643 -0.67301 -0.96029 -0.97237 -0.75011 -0.38268 0.03141 0.41151 0.70711 0.89803 0.98769 0.99396 0.94088 0.85264 0.75011 0.64945 0.56208 0.49546 0.45399 0.43994 0.45399 0.49546 0.56208 0.64945 0.75011 0.85264 0.94088 0.99396 0.98769 0.89803 0.70711 0.41151 0.03141 -0.38268 -0.75011 -0.97237 -0.96029 -0.67301 -0.15643 0.43994 0.89101 0.97922 0.61291 -0.07846 -0.75011 -0.99692 -0.61291 0.20279 0.89101 0.89803 0.15643 
0.0 0.83581 0.92978 0.26387 -0.58779 -0.99692 -0.72897 -0.01571 0.68455 0.99692 0.80902 0.26387 -0.36812 -0.83581 -1.0 -0.85264 -0.48175 -0.01571 0.42578 0.76041 0.95106 0.99889 0.92978 0.78043 0.58779 0.38268 0.18738 0.01571 -0.12533 -0.23345 -0.30902 -0.35347 -0.36812 -0.35347 -0.30902 -0.23345 -0.12533 0.01571 0.18738 0.38268 0.58779 0.78043 0.92978 0.99889 0.95106 0.76041 0.42578 -0.01571 -0.48175 -0.85264 -1.0 -0.83581 -0.36812 0.26387 0.80902 0.99692 0.68455 -0.01571 -0.72897 -0.99692 -0.58779 0.26387 0.92978 0.83581 
0.71813 0.97592 0.38268 -0.50904 -0.99002 -0.75011 -0.01571 0.70711 0.99988 0.75011 0.1409 -0.50904 -0.92388 -0.97592 -0.69591 -0.21814 0.29404 0.70711 0.94609 0.99556 0.88377 0.66131 0.38268 0.09411 -0.17193 -0.39715 -0.57501 -0.70711 -0.79968 -0.86074 -0.89803 -0.91775 -0.92388 -0.91775 -0.89803 -0.86074 -0.79968 -0.70711 -0.57501 -0.39715 -0.17193 0.09411 0.38268 0.66131 0.88377 0.99556 0.94609 0.70711 0.29404 -0.21814 -0.69591 -0.97592 -0.92388 -0.50904 0.1409 0.75011 0.99988 0.70711 -0.01571 -0.75011 -0.99002 -0.50904 0.38268 0.97592 
1.0 0.54902 -0.36812 -0.96456 -0.80902 -0.07846 0.68455 0.99988 0.72897 0.07846 -0.58779 -0.96456 -0.92978 -0.54902 0.0 0.5225 0.87631 0.99988 0.90483 0.64945 0.30902 -0.04711 -0.36812 -0.62524 -0.80902 -0.92388 -0.98229 -0.99988 -0.99211 -0.97237 -0.95106 -0.93544 -0.92978 -0.93544 -0.95106 -0.97237 -0.99211 -0.99988 -0.98229 -0.92388 -0.80902 -0.62524 -0.36812 -0.04711 0.30902 0.64945 0.90483 0.99988 0.87631 0.5225 0.0 -0.54902 -0.92978 -0.96456 -0.58779 0.07846 0.72897 0.99988 0.68455 -0.07846 -0.80902 -0.96456 -0.36812 0.54902 
0.73963 -0.15643 -0.89803 -0.89101 -0.20279 0.61291 0.99692 0.75011 0.07846 -0.61291 -0.97922 -0.89101 -0.43994 0.15643 0.67301 0.96029 0.97237 0.75011 0.38268 -0.03141 -0.41151 -0.70711 -0.89803 -0.98769 -0.99396 -0.94088 -0.85264 -0.75011 -0.64945 -0.56208 -0.49546 -0.45399 -0.43994 -0.45399 -0.49546 -0.56208 -0.64945 -0.75011 -0.85264 -0.94088 -0.99396 -0.98769 -0.89803 -0.70711 -0.41151 -0.03141 0.38268 0.75011 0.97237 0.96029 0.67301 0.15643 -0.43994 -0.89101 -0.97922 -0.61291 0.07846 0.75011 0.99692 0.61291 -0.20279 -0.89101 -0.89803 -0.15643 
0.12533 -0.76041 -0.96858 -0.38268 0.48175 0.97922 0.80902 0.1409 -0.58779 -0.97922 -0.87631 -0.38268 0.24869 0.76041 0.99211 0.9114 0.58779 0.1409 -0.30902 -0.67301 -0.90483 -0.99692 -0.96858 -0.85264 -0.68455 -0.49546 -0.30902 -0.1409 0.0 0.10973 0.18738 0.23345 0.24869 0.23345 0.18738 0.10973 0.0 -0.1409 -0.30902 -0.49546 -0.68455 -0.85264 -0.96858 -0.99692 -0.90483 -0.67301 -0.30902 0.1409 0.58779 0.9114 0.99211 0.76041 0.24869 -0.38268 -0.87631 -0.97922 -0.58779 0.1409 0.80902 0.97922 0.48175 -0.38268 -0.96858 -0.76041 
-0.5225 -0.99951 -0.60042 0.27899 0.92388 0.89101 0.26387 -0.50904 -0.96456 -0.89101 -0.38268 0.27899 0.79968 0.99951 0.85264 0.45399 -0.04711 -0.50904 -0.83581 -0.98769 -0.97237 -0.82708 -0.60042 -0.33874 -0.07846 0.15643 0.35347 0.50904 0.62524 0.70711 0.76041 0.79016 0.79968 0.79016 0.76041 0.70711 0.62524 0.50904 0.35347 0.15643 -0.07846 -0.33874 -0.60042 -0.82708 -0.97237 -0.98769 -0.83581 -0.50904 -0.04711 0.45399 0.85264 0.99951 0.79968 0.27899 -0.38268 -0.89101 -0.96456 -0.50904 0.26387 0.89101 0.92388 0.27899 -0.60042 -0.99951 
-0.92978 -0.81815 0.0 0.79968 0.96858 0.43994 -0.36812 -0.92388 -0.92978 -0.43994 0.24869 0.79968 1.0 0.81815 0.36812 -0.17193 -0.63742 -0.92388 -0.99803 -0.88377 -0.63742 -0.32392 0.0 0.29404 0.53583 0.71813 0.84433 0.92388 0.96858 0.99002 0.99803 0.99988 1.0 0.99988 0.99803 0.99002 0.96858 0.92388 0.84433 0.71813 0.53583 0.29404 0.0 -0.32392 -0.63742 -0.88377 -0.99803 -0.92388 -0.63742 -0.17193 0.36812 0.81815 1.0 0.79968 0.24869 -0.43994 -0.92978 -0.92388 -0.36812 0.43994 0.96858 0.79968 0.0 -0.81815 
-0.97237 -0.33874 0.57501 0.99951 0.64945 -0.15643 -0.83581 -0.97592 -0.54902 0.15643 0.76041 0.99951 0.81815 0.33874 -0.23345 -0.70711 -0.96456 -0.97592 -0.78043 -0.45399 -0.07846 0.27899 0.57501 0.79016 0.92388 0.98769 0.99889 0.97592 0.93544 0.89101 0.85264 0.82708 0.81815 0.82708 0.85264 0.89101 0.93544 0.97592 0.99889 0.98769 0.92388 0.79016 0.57501 0.27899 -0.07846 -0.45399 -0.78043 -0.97592 -0.96456 -0.70711 -0.23345 0.33874 0.81815 0.99951 0.76041 0.15643 -0.54902 -0.97592 -0.83581 -0.15643 0.64945 0.99951 0.57501 -0.33874 
-0.68455 0.23345 0.92978 0.85264 0.12533 -0.67301 -1.0 -0.69591 0.0 0.67301 0.99211 0.85264 0.36812 -0.23345 -0.72897 -0.97922 -0.95106 -0.69591 -0.30902 0.10973 0.48175 0.76041 0.92978 0.99692 0.98229 0.9114 0.80902 0.69591 0.58779 0.49546 0.42578 0.38268 0.36812 0.38268 0.42578 0.49546 0.58779 0.69591 0.80902 0.9114 0.98229 0.99692 0.92978 0.76041 0.48175 0.10973 -0.30902 -0.69591 -0.95106 -0.97922 -0.72897 -0.23345 0.36812 0.85264 0.99211 0.67301 0.0 -0.69591 -1.0 -0.67301 0.12533 0.85264 0.92978 0.23345 
-0.20279 0.70711 0.98511 0.45399 -0.41151 -0.96029 -0.85264 -0.21814 0.5225 0.96029 0.9114 0.45399 -0.17193 -0.70711 -0.97922 -0.94088 -0.64945 -0.21814 0.23345 0.61291 0.86863 0.98769 0.98511 0.89101 0.73963 0.56208 0.38268 0.21814 0.07846 -0.03141 -0.10973 -0.15643 -0.17193 -0.15643 -0.10973 -0.03141 0.07846 0.21814 0.38268 0.56208 0.73963 0.89101 0.98511 0.98769 0.86863 0.61291 0.23345 -0.21814 -0.64945 -0.94088 -0.97922 -0.70711 -0.17193 0.45399 0.9114 0.96029 0.5225 -0.21814 -0.85264 -0.96029 -0.41151 0.45399 0.98511 0.70711 
0.30902 0.96456 0.77051 -0.04711 -0.80902 -0.97237 -0.48175 0.29404 0.87631 0.97237 0.58779 -0.04711 -0.63742 -0.96456 -0.95106 -0.64945 -0.18738 0.29404 0.68455 0.92388 1.0 0.93544 0.77051 0.54902 0.30902 0.07846 -0.12533 -0.29404 -0.42578 -0.5225 -0.58779 -0.62524 -0.63742 -0.62524 -0.58779 -0.5225 -0.42578 -0.29404 -0.12533 0.07846 0.30902 0.54902 0.77051 0.93544 1.0 0.92388 0.68455 0.29404 -0.18738 -0.64945 -0.95106 -0.96456 -0.63742 -0.04711 0.58779 0.97237 0.87631 0.29404 -0.48175 -0.97237 -0.80902 -0.04711 0.77051 0.96456 
0.71813 0.97592 0.38268 -0.50904 -0.99002 -0.75011 -0.01571 0.70711 0.99988 0.75011 0.1409 -0.50904 -0.92388 -0.97592 -0.69591 -0.21814 0.29404 0.70711 0.94609 0.99556 0.88377 0.66131 0.38268 0.09411 -0.17193 -0.39715 -0.57501 -0.70711 -0.79968 -0.86074 -0.89803 -0.91775 -0.92388 -0.91775 -0.89803 -0.86074 -0.79968 -0.70711 -0.57501 -0.39715 -0.17193 0.09411 0.38268 0.66131 0.88377 0.99556 0.94609 0.70711 0.29404 -0.21814 -0.69591 -0.97592 -0.92388 -0.50904 0.1409 0.75011 0.99988 0.70711 -0.01571 -0.75011 -0.99002 -0.50904 0.38268 0.97592 
0.95106 0.78043 -0.06279 -0.83581 -0.95106 -0.38268 0.42578 0.94609 0.90483 0.38268 -0.30902 -0.83581 -0.99803 -0.78043 -0.30902 0.23345 0.68455 0.94609 0.99211 0.85264 0.58779 0.26387 -0.06279 -0.35347 -0.58779 -0.76041 -0.87631 -0.94609 -0.98229 -0.99692 -1.0 -0.99889 -0.99803 -0.99889 -1.0 -0.99692 -0.98229 -0.94609 -0.87631 -0.76041 -0.58779 -0.35347 -0.06279 0.26387 0.58779 0.85264 0.99211 0.94609 0.68455 0.23345 -0.30902 -0.78043 -0.99803 -0.83581 -0.30902 0.38268 0.90483 0.94609 0.42578 -0.38268 -0.95106 -0.83581 -0.06279 0.78043 
0.99396 0.45399 -0.46793 -0.98769 -0.73963 0.03141 0.76041 0.99556 0.64945 -0.03141 -0.67301 -0.98769 -0.88377 -0.45399 0.10973 0.61291 0.92388 0.99556 0.85264 0.56208 0.20279 -0.15643 -0.46793 -0.70711 -0.86863 -0.96029 -0.99692 -0.99556 -0.97237 -0.94088 -0.9114 -0.89101 -0.88377 -0.89101 -0.9114 -0.94088 -0.97237 -0.99556 -0.99692 -0.96029 -0.86863 -0.70711 -0.46793 -0.15643 0.20279 0.56208 0.85264 0.99556 0.92388 0.61291 0.10973 -0.45399 -0.88377 -0.98769 -0.67301 -0.03141 0.64945 0.99556 0.76041 0.03141 -0.73963 -0.98769 -0.46793 0.45399 
0.87631 0.07846 -0.77051 -0.97237 -0.42578 0.41151 0.95106 0.88377 0.30902 -0.41151 -0.90483 -0.97237 -0.63742 -0.07846 0.48175 0.86863 1.0 0.88377 0.58779 0.20279 -0.18738 -0.5225 -0.77051 -0.92388 -0.99211 -0.99396 -0.95106 -0.88377 -0.80902 -0.73963 -0.68455 -0.64945 -0.63742 -0.64945 -0.68455 -0.73963 -0.80902 -0.88377 -0.95106 -0.99396 -0.99211 -0.92388 -0.77051 -0.5225 -0.18738 0.20279 0.58779 0.88377 1.0 0.86863 0.48175 -0.07846 -0.63742 -0.97237 -0.90483 -0.41151 0.30902 0.88377 0.95106 0.41151 -0.42578 -0.97237 -0.77051 0.07846 
0.64945 -0.27899 -0.94609 -0.82708 -0.07846 0.70711 0.99889 0.66131 -0.04711 -0.70711 -0.99692 -0.82708 -0.32392 0.27899 0.76041 0.98769 0.93544 0.66131 0.26387 -0.15643 -0.5225 -0.79016 -0.94609 -0.99951 -0.97237 -0.89101 -0.78043 -0.66131 -0.54902 -0.45399 -0.38268 -0.33874 -0.32392 -0.33874 -0.38268 -0.45399 -0.54902 -0.66131 -0.78043 -0.89101 -0.97237 -0.99951 -0.94609 -0.79016 -0.5225 -0.15643 0.26387 0.66131 0.93544 0.98769 0.76041 0.27899 -0.32392 -0.82708 -0.99692 -0.70711 -0.04711 0.66131 0.99889 0.70711 -0.07846 -0.82708 -0.94609 -0.27899 
0.36812 -0.57501 -1.0 -0.60042 0.24869 0.89803 0.92978 0.38268 -0.36812 -0.89803 -0.96858 -0.60042 0.0 0.57501 0.92978 0.98511 0.77051 0.38268 -0.06279 -0.46793 -0.77051 -0.94609 -1.0 -0.95579 -0.84433 -0.69591 -0.53583 -0.38268 -0.24869 -0.1409 -0.06279 -0.01571 0.0 -0.01571 -0.06279 -0.1409 -0.24869 -0.38268 -0.53583 -0.69591 -0.84433 -0.95579 -1.0 -0.94609 -0.77051 -0.46793 -0.06279 0.38268 0.77051 0.98511 0.92978 0.57501 0.0 -0.60042 -0.96858 -0.89803 -0.36812 0.38268 0.92978 0.89803 0.24869 -0.60042 -1.0 -0.57501 
0.07846 -0.79016 -0.95579 -0.33874 0.5225 0.98769 0.78043 0.09411 -0.62524 -0.98769 -0.85264 -0.33874 0.29404 0.79016 0.99692 0.89101 0.54902 0.09411 -0.35347 -0.70711 -0.92388 -0.99951 -0.95579 -0.82708 -0.64945 -0.45399 -0.26387 -0.09411 0.04711 0.15643 0.23345 0.27899 0.29404 0.27899 0.23345 0.15643 0.04711 -0.09411 -0.26387 -0.45399 -0.64945 -0.82708 -0.95579 -0.99951 -0.92388 -0.70711 -0.35347 0.09411 0.54902 0.89101 0.99692 0.79016 0.29404 -0.33874 -0.85264 -0.98769 -0.62524 0.09411 0.78043 0.98769 0.5225 -0.33874 -0.95579 -0.79016 
-0.18738 -0.92388 -0.84433 -0.07846 0.72897 0.99396 0.58779 -0.17193 -0.80902 -0.99396 -0.68455 -0.07846 0.53583 0.92388 0.98229 0.73963 0.30902 -0.17193 -0.58779 -0.86863 -0.99211 -0.97237 -0.84433 -0.64945 -0.42578 -0.20279 0.0 0.17193 0.30902 0.41151 0.48175 0.5225 0.53583 0.5225 0.48175 0.41151 0.30902 0.17193 0.0 -0.20279 -0.42578 -0.64945 -0.84433 -0.97237 -0.99211 -0.86863 -0.58779 -0.17193 0.30902 0.73963 0.98229 0.92388 0.53583 -0.07846 -0.68455 -0.99396 -0.80902 -0.17193 0.58779 0.99396 0.72897 -0.07846 -0.84433 -0.92388 
-0.41151 -0.98769 -0.69591 0.15643 0.86863 0.94088 0.38268 -0.39715 -0.92388 -0.94088 -0.49546 0.15643 0.71813 0.98769 0.9114 0.56208 0.07846 -0.39715 -0.76041 -0.96029 -0.99396 -0.89101 -0.69591 -0.45399 -0.20279 0.03141 0.23345 0.39715 0.5225 0.61291 0.67301 0.70711 0.71813 0.70711 0.67301 0.61291 0.5225 0.39715 0.23345 0.03141 -0.20279 -0.45399 -0.69591 -0.89101 -0.99396 -0.96029 -0.76041 -0.39715 0.07846 0.56208 0.9114 0.98769 0.71813 0.15643 -0.49546 -0.94088 -0.92388 -0.39715 0.38268 0.94088 0.86863 0.15643 -0.69591 -0.98769 
-0.58779 -0.99889 -0.53583 0.35347 0.95106 0.85264 0.18738 -0.57501 -0.98229 -0.85264 -0.30902 0.35347 0.84433 0.99889 0.80902 0.38268 -0.12533 -0.57501 -0.87631 -0.99692 -0.95106 -0.78043 -0.53583 -0.26387 0.0 0.23345 0.42578 0.57501 0.68455 0.76041 0.80902 0.83581 0.84433 0.83581 0.80902 0.76041 0.68455 0.57501 0.42578 0.23345 0.0 -0.26387 -0.53583 -0.78043 -0.95106 -0.99692 -0.87631 -0.57501 -0.12533 0.38268 0.80902 0.99889 0.84433 0.35347 -0.30902 -0.85264 -0.98229 -0.57501 0.18738 0.85264 0.95106 0.35347 -0.53583 -0.99889 
-0.71813 -0.97592 -0.38268 0.50904 0.99002 0.75011 0.01571 -0.70711 -0.99988 -0.75011 -0.1409 0.50904 0.92388 0.97592 0.69591 0.21814 -0.29404 -0.70711 -0.94609 -0.99556 -0.88377 -0.66131 -0.38268 -0.09411 0.17193 0.39715 0.57501 0.70711 0.79968 0.86074 0.89803 0.91775 0.92388 0.91775 0.89803 0.86074 0.79968 0.70711 0.57501 0.39715 0.17193 -0.09411 -0.38268 -0.66131 -0.88377 -0.99556 -0.94609 -0.70711 -0.29404 0.21814 0.69591 0.97592 0.92388 0.50904 -0.1409 -0.75011 -0.99988 -0.70711 0.01571 0.75011 0.99002 0.50904 -0.38268 -0.97592 
-0.80902 -0.93544 -0.24869 0.62524 1.0 0.64945 -0.12533 -0.79968 -0.99211 -0.64945 0.0 0.62524 0.96858 0.93544 0.58779 0.07846 -0.42578 -0.79968 -0.98229 -0.97237 -0.80902 -0.54902 -0.24869 0.04711 0.30902 0.5225 0.68455 0.79968 0.87631 0.92388 0.95106 0.96456 0.96858 0.96456 0.95106 0.92388 0.87631 0.79968 0.68455 0.5225 0.30902 0.04711 -0.24869 -0.54902 -0.80902 -0.97237 -0.98229 -0.79968 -0.42578 0.07846 0.58779 0.93544 0.96858 0.62524 0.0 -0.64945 -0.99211 -0.79968 -0.12533 0.64945 1.0 0.62524 -0.24869 -0.93544 
-0.86863 -0.89101 -0.1409 0.70711 0.99396 0.56208 -0.23345 -0.86074 -0.97237 -0.56208 0.10973 0.70711 0.99002 0.89101 0.49546 -0.03141 -0.5225 -0.86074 -0.99692 -0.94088 -0.73963 -0.45399 -0.1409 0.15643 0.41151 0.61291 0.76041 0.86074 0.92388 0.96029 0.97922 0.98769 0.99002 0.98769 0.97922 0.96029 0.92388 0.86074 0.76041 0.61291 0.41151 0.15643 -0.1409 -0.45399 -0.73963 -0.94088 -0.99692 -0.86074 -0.5225 -0.03141 0.49546 0.89101 0.99002 0.70711 0.10973 -0.56208 -0.97237 -0.86074 -0.23345 0.56208 0.99396 0.70711 -0.1409 -0.89101 
-0.90483 -0.85264 -0.06279 0.76041 0.98229 0.49546 -0.30902 -0.89803 -0.95106 -0.49546 0.18738 0.76041 0.99803 0.85264 0.42578 -0.10973 -0.58779 -0.89803 -1.0 -0.9114 -0.68455 -0.38268 -0.06279 0.23345 0.48175 0.67301 0.80902 0.89803 0.95106 0.97922 0.99211 0.99692 0.99803 0.99692 0.99211 0.97922 0.95106 0.89803 0.80902 0.67301 0.48175 0.23345 -0.06279 -0.38268 -0.68455 -0.9114 -1.0 -0.89803 -0.58779 -0.10973 0.42578 0.85264 0.99803 0.76041 0.18738 -0.49546 -0.95106 -0.89803 -0.30902 0.49546 0.98229 0.76041 -0.06279 -0.85264 
-0.92388 -0.82708 -0.01571 0.79016 0.97237 0.45399 -0.35347 -0.91775 -0.93544 -0.45399 0.23345 0.79016 0.99988 0.82708 0.38268 -0.15643 -0.62524 -0.91775 -0.99889 -0.89101 -0.64945 -0.33874 -0.01571 0.27899 0.5225 0.70711 0.83581 0.91775 0.96456 0.98769 0.99692 0.99951 0.99988 0.99951 0.99692 0.98769 0.96456 0.91775 0.83581 0.70711 0.5225 0.27899 -0.01571 -0.33874 -0.64945 -0.89101 -0.99889 -0.91775 -0.62524 -0.15643 0.38268 0.82708 0.99988 0.79016 0.23345 -0.45399 -0.93544 -0.91775 -0.35347 0.45399 0.97237 0.79016 -0.01571 -0.82708 
-0.92978 -0.81815 0.0 0.79968 0.96858 0.43994 -0.36812 -0.92388 -0.92978 -0.43994 0.24869 0.79968 1.0 0.81815 0.36812 -0.17193 -0.63742 -0.92388 -0.99803 -0.88377 -0.63742 -0.32392 0.0 0.29404 0.53583 0.71813 0.84433 0.92388 0.96858 0.99002 0.99803 0.99988 1.0 0.99988 0.99803 0.99002 0.96858 0.92388 0.84433 0.71813 0.53583 0.29404 0.0 -0.32392 -0.63742 -0.88377 -0.99803 -0.92388 -0.63742 -0.17193 0.36812 0.81815 1.0 0.79968 0.24869 -0.43994 -0.92978 -0.92388 -0.36812 0.43994 0.96858 0.79968 0.0 -0.81815 
-0.92388 -0.82708 -0.01571 0.79016 0.97237 0.45399 -0.35347 -0.91775 -0.93544 -0.45399 0.23345 0.79016 0.99988 0.82708 0.38268 -0.15643 -0.62524 -0.91775 -0.99889 -0.89101 -0.64945 -0.33874 -0.01571 0.27899 0.5225 0.70711 0.83581 0.91775 0.96456 0.98769 0.99692 0.99951 0.99988 0.99951 0.99692 0.98769 0.96456 0.91775 0.83581 0.70711 0.5225 0.27899 -0.01571 -0.33874 -0.64945 -0.89101 -0.99889 -0.91775 -0.62524 -0.15643 0.38268 0.82708 0.99988 0.79016 0.23345 -0.45399 -0.93544 -0.91775 -0.35347 0.45399 0.97237 0.79016 -0.01571 -0.82708 
-0.90483 -0.85264 -0.06279 0.76041 0.98229 0.49546 -0.30902 -0.89803 -0.95106 -0.49546 0.18738 0.76041 0.99803 0.85264 0.42578 -0.10973 -0.58779 -0.89803 -1.0 -0.9114 -0.68455 -0.38268 -0.06279 0.23345 0.48175 0.67301 0.80902 0.89803 0.95106 0.97922 0.99211 0.99692 0.99803 0.99692 0.99211 0.97922 0.95106 0.89803 0.80902 0.67301 0.48175 0.23345 -0.06279 -0.38268 -0.68455 -0.9114 -1.0 -0.89803 -0.58779 -0.10973 0.42578 0.85264 0.99803 0.76041 0.18738 -0.49546 -0.95106 -0.89803 -0.30902 0.49546 0.98229 0.76041 -0.06279 -0.85264 
-0.86863 -0.89101 -0.1409 0.70711 0.99396 0.56208 -0.23345 -0.86074 -0.97237 -0.56208 0.10973 0.70711 0.99002 0.89101 0.49546 -0.03141 -0.5225 -0.86074 -0.99692 -0.94088 -0.73963 -0.45399 -0.1409 0.15643 0.41151 0.61291 0.76041 0.86074 0.92388 0.96029 0.97922 0.98769 0.99002 0.98769 0.97922 0.96029 0.92388 0.86074 0.76041 0.61291 0.41151 0.15643 -0.1409 -0.45399 -0.73963 -0.94088 -0.99692 -0.86074 -0.5225 -0.03141 0.49546 0.89101 0.99002 0.70711 0.10973 -0.56208 -0.97237 -0.86074 -0.23345 0.56208 0.99396 0.70711 -0.1409 -0.89101 
-0.80902 -0.93544 -0.24869 0.62524 1.0 0.64945 -0.12533 -0.79968 -0.99211 -0.64945 0.0 0.62524 0.96858 0.93544 0.58779 0.07846 -0.42578 -0.79968 -0.98229 -0.97237 -0.80902 -0.54902 -0.24869 0.04711 0.30902 0.5225 0.68455 0.79968 0.87631 0.92388 0.95106 0.96456 0.96858 0.96456 0.95106 0.92388 0.87631 0.79968 0.68455 0.5225 0.30902 0.04711 -0.24869 -0.54902 -0.80902 -0.97237 -0.98229 -0.79968 -0.42578 0.07846 0.58779 0.93544 0.96858 0.62524 0.0 -0.64945 -0.99211 -0.79968 -0.12533 0.64945 1.0 0.62524 -0.24869 -0.93544 
-0.71813 -0.97592 -0.38268 0.50904 0.99002 0.75011 0.01571 -0.70711 -0.99988 -0.75011 -0.1409 0.50904 0.92388 0.97592 0.69591 0.21814 -0.29404 -0.70711 -0.94609 -0.99556 -0.88377 -0.66131 -0.38268 -0.09411 0.17193 0.39715 0.57501 0.70711 0.79968 0.86074 0.89803 0.91775 0.92388 0.91775 0.89803 0.86074 0.79968 0.70711 0.57501 0.39715 0.17193 -0.09411 -0.38268 -0.66131 -0.88377 -0.99556 -0.94609 -0.70711 -0.29404 0.21814 0.69591 0.97592 0.92388 0.50904 -0.1409 -0.75011 -0.99988 -0.70711 0.01571 0.75011 0.99002 0.50904 -0.38268 -0.97592 
-0.58779 -0.99889 -0.53583 0.35347 0.95106 0.85264 0.18738 -0.57501 -0.98229 -0.85264 -0.30902 0.35347 0.84433 0.99889 0.80902 0.38268 -0.12533 -0.57501 -0.87631 -0.99692 -0.95106 -0.78043 -0.53583 -0.26387 0.0 0.23345 0.42578 0.57501 0.68455 0.76041 0.80902 0.83581 0.84433 0.83581 0.80902 0.76041 0.68455 0.57501 0.42578 0.23345 0.0 -0.26387 -0.53583 -0.78043 -0.95106 -0.99692 -0.87631 -0.57501 -0.12533 0.38268 0.80902 0.99889 0.84433 0.35347 -0.30902 -0.85264 -0.98229 -0.57501 0.18738 0.85264 0.95106 0.35347 -0.53583 -0.99889 
-0.41151 -0.98769 -0.69591 0.15643 0.86863 0.94088 0.38268 -0.39715 -0.92388 -0.94088 -0.49546 0.15643 0.71813 0.98769 0.9114 0.56208 0.07846 -0.39715 -0.76041 -0.96029 -0.99396 -0.89101 -0.69591 -0.45399 -0.20279 0.03141 0.23345 0.39715 0.5225 0.61291 0.67301 0.70711 0.71813 0.70711 0.67301 0.61291 0.5225 0.39715 0.23345 0.03141 -0.20279 -0.45399 -0.69591 -0.89101 -0.99396 -0.96029 -0.76041 -0.39715 0.07846 0.56208 0.9114 0.98769 0.71813 0.15643 -0.49546 -0.94088 -0.92388 -0.39715 0.38268 0.94088 0.86863 0.15643 -0.69591 -0.98769 
-0.18738 -0.92388 -0.84433 -0.07846 0.72897 0.99396 0.58779 -0.17193 -0.80902 -0.99396 -0.68455 -0.07846 0.53583 0.92388 0.98229 0.73963 0.30902 -0.17193 -0.58779 -0.86863 -0.99211 -0.97237 -0.84433 -0.64945 -0.42578 -0.20279 0.0 0.17193 0.30902 0.41151 0.48175 0.5225 0.53583 0.5225 0.48175 0.41151 0.30902 0.17193 0.0 -0.20279 -0.42578 -0.64945 -0.84433 -0.97237 -0.99211 -0.86863 -0.58779 -0.17193 0.30902 0.73963 0.98229 0.92388 0.53583 -0.07846 -0.68455 -0.99396 -0.80902 -0.17193 0.58779 0.99396 0.72897 -0.07846 -0.84433 -0.92388 
0.07846 -0.79016 -0.95579 -0.33874 0.5225 0.98769 0.78043 0.09411 -0.62524 -0.98769 -0.85264 -0.33874 0.29404 0.79016 0.99692 0.89101 0.54902 0.09411 -0.35347 -0.70711 -0.92388 -0.99951 -0.95579 -0.82708 -0.64945 -0.45399 -0.26387 -0.09411 0.04711 0.15643 0.23345 0.27899 0.29404 0.27899 0.23345 0.15643 0.04711 -0.09411 -0.26387 -0.45399 -0.64945 -0.82708 -0.95579 -0.99951 -0.92388 -0.70711 -0.35347 0.09411 0.54902 0.89101 0.99692 0.79016 0.29404 -0.33874 -0.85264 -0.98769 -0.62524 0.09411 0.78043 0.98769 0.5225 -0.33874 -0.95579 -0.79016 
0.36812 -0.57501 -1.0 -0.60042 0.24869 0.89803 0.92978 0.38268 -0.36812 -0.89803 -0.96858 -0.60042 0.0 0.57501 0.92978 0.98511 0.77051 0.38268 -0.06279 -0.46793 -0.77051 -0.94609 -1.0 -0.95579 -0.84433 -0.69591 -0.53583 -0.38268 -0.24869 -0.1409 -0.06279 -0.01571 0.0 -0.01571 -0.06279 -0.1409 -0.24869 -0.38268 -0.53583 -0.69591 -0.84433 -0.95579 -1.0 -0.94609 -0.77051 -0.46793 -0.06279 0.38268 0.77051 0.98511 0.92978 0.57501 0.0 -0.60042 -0.96858 -0.89803 -0.36812 0.38268 0.92978 0.89803 0.24869 -0.60042 -1.0 -0.57501 
0.64945 -0.27899 -0.94609 -0.82708 -0.07846 0.70711 0.99889 0.66131 -0.04711 -0.70711 -0.99692 -0.82708 -0.32392 0.27899 0.76041 0.98769 0.93544 0.66131 0.26387 -0.15643 -0.5225 -0.79016 -0.94609 -0.99951 -0.97237 -0.89101 -0.78043 -0.66131 -0.54902 -0.45399 -0.38268 -0.33874 -0.32392 -0.33874 -0.38268 -0.45399 -0.54902 -0.66131 -0.78043 -0.89101 -0.97237 -0.99951 -0.94609 -0.79016 -0.5225 -0.15643 0.26387 0.66131 0.93544 0.98769 0.76041 0.27899 -0.32392 -0.82708 -0.99692 -0.70711 -0.04711 0.66131 0.99889 0.70711 -0.07846 -0.82708 -0.94609 -0.27899 
0.87631 0.07846 -0.77051 -0.97237 -0.42578 0.41151 0.95106 0.88377 0.30902 -0.41151 -0.90483 -0.97237 -0.63742 -0.07846 0.48175 0.86863 1.0 0.88377 0.58779 0.20279 -0.18738 -0.5225 -0.77051 -0.92388 -0.99211 -0.99396 -0.95106 -0.88377 -0.80902 -0.73963 -0.68455 -0.64945 -0.63742 -0.64945 -0.68455 -0.73963 -0.80902 -0.88377 -0.95106 -0.99396 -0.99211 -0.92388 -0.77051 -0.5225 -0.18738 0.20279 0.58779 0.88377 1.0 0.86863 0.48175 -0.07846 -0.63742 -0.97237 -0.90483 -0.41151 0.30902 0.88377 0.95106 0.41151 -0.42578 -0.97237 -0.77051 0.07846 
0.99396 0.45399 -0.46793 -0.98769 -0.73963 0.03141 0.76041 0.99556 0.64945 -0.03141 -0.67301 -0.98769 -0.88377 -0.45399 0.10973 0.61291 0.92388 0.99556 0.85264 0.56208 0.20279 -0.15643 -0.46793 -0.70711 -0.86863 -0.96029 -0.99692 -0.99556 -0.97237 -0.94088 -0.9114 -0.89101 -0.88377 -0.89101 -0.9114 -0.94088 -0.97237 -0.99556 -0.99692 -0.96029 -0.86863 -0.70711 -0.46793 -0.15643 0.20279 0.56208 0.85264 0.99556 0.92388 0.61291 0.10973 -0.45399 -0.88377 -0.98769 -0.67301 -0.03141 0.64945 0.99556 0.76041 0.03141 -0.73963 -0.98769 -0.46793 0.45399 
0.95106 0.78043 -0.06279 -0.83581 -0.95106 -0.38268 0.42578 0.94609 0.90483 0.38268 -0.30902 -0.83581 -0.99803 -0.78043 -0.30902 0.23345 0.68455 0.94609 0.99211 0.85264 0.58779 0.26387 -0.06279 -0.35347 -0.58779 -0.76041 -0.87631 -0.94609 -0.98229 -0.99692 -1.0 -0.99889 -0.99803 -0.99889 -1.0 -0.99692 -0.98229 -0.94609 -0.87631 -0.76041 -0.58779 -0.35347 -0.06279 0.26387 0.58779 0.85264 0.99211 0.94609 0.68455 0.23345 -0.30902 -0.78043 -0.99803 -0.83581 -0.30902 0.38268 0.90483 0.94609 0.42578 -0.38268 -0.95106 -0.83581 -0.06279 0.78043 
0.71813 0.97592 0.38268 -0.50904 -0.99002 -0.75011 -0.01571 0.70711 0.99988 0.75011 0.1409 -0.50904 -0.92388 -0.97592 -0.69591 -0.21814 0.29404 0.70711 0.94609 0.99556 0.88377 0.66131 0.38268 0.09411 -0.17193 -0.39715 -0.57501 -0.70711 -0.79968 -0.86074 -0.89803 -0.91775 -0.92388 -0.91775 -0.89803 -0.86074 -0.79968 -0.70711 -0.57501 -0.39715 -0.17193 0.09411 0.38268 0.66131 0.88377 0.99556 0.94609 0.70711 0.29404 -0.21814 -0.69591 -0.97592 -0.92388 -0.50904 0.1409 0.75011 0.99988 0.70711 -0.01571 -0.75011 -0.99002 -0.50904 0.38268 0.97592 
0.30902 0.96456 0.77051 -0.04711 -0.80902 -0.97237 -0.48175 0.29404 0.87631 0.97237 0.58779 -0.04711 -0.63742 -0.96456 -0.95106 -0.64945 -0.18738 0.29404 0.68455 0.92388 1.0 0.93544 0.77051 0.54902 0.30902 0.07846 -0.12533 -0.29404 -0.42578 -0.5225 -0.58779 -0.62524 -0.63742 -0.62524 -0.58779 -0.5225 -0.42578 -0.29404 -0.12533 0.07846 0.30902 0.54902 0.77051 0.93544 1.0 0.92388 0.68455 0.29404 -0.18738 -0.64945 -0.95106 -0.96456 -0.63742 -0.04711 0.58779 0.97237 0.87631 0.29404 -0.48175 -0.97237 -0.80902 -0.04711 0.77051 0.96456 
-0.20279 0.70711 0.98511 0.45399 -0.41151 -0.96029 -0.85264 -0.21814 0.5225 0.96029 0.9114 0.45399 -0.17193 -0.70711 -0.97922 -0.94088 -0.64945 -0.21814 0.23345 0.61291 0.86863 0.98769 0.98511 0.89101 0.73963 0.56208 0.38268 0.21814 0.07846 -0.03141 -0.10973 -0.15643 -0.17193 -0.15643 -0.10973 -0.03141 0.07846 0.21814 0.38268 0.56208 0.73963 0.89101 0.98511 0.98769 0.86863 0.61291 0.23345 -0.21814 -0.64945 -0.94088 -0.97922 -0.70711 -0.17193 0.45399 0.9114 0.96029 0.5225 -0.21814 -0.85264 -0.96029 -0.41151 0.45399 0.98511 0.70711 
-0.68455 0.23345 0.92978 0.85264 0.12533 -0.67301 -1.0 -0.69591 0.0 0.67301 0.99211 0.85264 0.36812 -0.23345 -0.72897 -0.97922 -0.95106 -0.69591 -0.30902 0.10973 0.48175 0.76041 0.92978 0.99692 0.98229 0.9114 0.80902 0.69591 0.58779 0.49546 0.42578 0.38268 0.36812 0.38268 0.42578 0.49546 0.58779 0.69591 0.80902 0.9114 0.98229 0.99692 0.92978 0.76041 0.48175 0.10973 -0.30902 -0.69591 -0.95106 -0.97922 -0.72897 -0.23345 0.36812 0.85264 0.99211 0.67301 0.0 -0.69591 -1.0 -0.67301 0.12533 0.85264 0.92978 0.23345 
-0.97237 -0.33874 0.57501 0.99951 0.64945 -0.15643 -0.83581 -0.97592 -0.54902 0.15643 0.76041 0.99951 0.81815 0.33874 -0.23345 -0.70711 -0.96456 -0.97592 -0.78043 -0.45399 -0.07846 0.27899 0.57501 0.79016 0.92388 0.98769 0.99889 0.97592 0.93544 0.89101 0.85264 0.82708 0.81815 0.82708 0.85264 0.89101 0.93544 0.97592 0.99889 0.98769 0.92388 0.79016 0.57501 0.27899 -0.07846 -0.45399 -0.78043 -0.97592 -0.96456 -0.70711 -0.23345 0.33874 0.81815 0.99951 0.76041 0.15643 -0.54902 -0.97592 -0.83581 -0.15643 0.64945 0.99951 0.57501 -0.33874 
-0.92978 -0.81815 0.0 0.79968 0.96858 0.43994 -0.36812 -0.92388 -0.92978 -0.43994 0.24869 0.79968 1.0 0.81815 0.36812 -0.17193 -0.63742 -0.92388 -0.99803 -0.88377 -0.63742 -0.32392 0.0 0.29404 0.53583 0.71813 0.84433 0.92388 0.96858 0.99002 0.99803 0.99988 1.0 0.99988 0.99803 0.99002 0.96858 0.92388 0.84433 0.71813 0.53583 0.29404 0.0 -0.32392 -0.63742 -0.88377 -0.99803 -0.92388 -0.63742 -0.17193 0.36812 0.81815 1.0 0.79968 0.24869 -0.43994 -0.92978 -0.92388 -0.36812 0.43994 0.96858 0.79968 0.0 -0.81815 
-0.5225 -0.99951 -0.60042 0.27899 0.92388 0.89101 0.26387 -0.50904 -0.96456 -0.89101 -0.38268 0.27899 0.79968 0.99951 0.85264 0.45399 -0.04711 -0.50904 -0.83581 -0.98769 -0.97237 -0.82708 -0.60042 -0.33874 -0.07846 0.15643 0.35347 0.50904 0.62524 0.70711 0.76041 0.79016 0.79968 0.79016 0.76041 0.70711 0.62524 0.50904 0.35347 0.15643 -0.07846 -0.33874 -0.60042 -0.82708 -0.97237 -0.98769 -0.83581 -0.50904 -0.04711 0.45399 0.85264 0.99951 0.79968 0.27899 -0.38268 -0.89101 -0.96456 -0.50904 0.26387 0.89101 0.92388 0.27899 -0.60042 -0.99951 
0.12533 -0.76041 -0.96858 -0.38268 0.48175 0.97922 0.80902 0.1409 -0.58779 -0.97922 -0.87631 -0.38268 0.24869 0.76041 0.99211 0.9114 0.58779 0.1409 -0.30902 -0.67301 -0.90483 -0.99692 -0.96858 -0.85264 -0.68455 -0.49546 -0.30902 -0.1409 0.0 0.10973 0.18738 0.23345 0.24869 0.23345 0.18738 0.10973 0.0 -0.1409 -0.30902 -0.49546 -0.68455 -0.85264 -0.96858 -0.99692 -0.90483 -0.67301 -0.30902 0.1409 0.58779 0.9114 0.99211 0.76041 0.24869 -0.38268 -0.87631 -0.97922 -0.58779 0.1409 0.80902 0.97922 0.48175 -0.38268 -0.96858 -0.76041 
0.73963 -0.15643 -0.89803 -0.89101 -0.20279 0.61291 0.99692 0.75011 0.07846 -0.61291 -0.97922 -0.89101 -0.43994 0.15643 0.67301 0.96029 0.97237 0.75011 0.38268 -0.03141 -0.41151 -0.70711 -0.89803 -0.98769 -0.99396 -0.94088 -0.85264 -0.75011 -0.64945 -0.56208 -0.49546 -0.45399 -0.43994 -0.45399 -0.49546 -0.56208 -0.64945 -0.75011 -0.85264 -0.94088 -0.99396 -0.98769 -0.89803 -0.70711 -0.41151 -0.03141 0.38268 0.75011 0.97237 0.96029 0.67301 0.15643 -0.43994 -0.89101 -0.97922 -0.61291 0.07846 0.75011 0.99692 0.61291 -0.20279 -0.89101 -0.89803 -0.15643 
1.0 0.54902 -0.36812 -0.96456 -0.80902 -0.07846 0.68455 0.99988 0.72897 0.07846 -0.58779 -0.96456 -0.92978 -0.54902 0.0 0.5225 0.87631 0.99988 0.90483 0.64945 0.30902 -0.04711 -0.36812 -0.62524 -0.80902 -0.92388 -0.98229 -0.99988 -0.99211 -0.97237 -0.95106 -0.93544 -0.92978 -0.93544 -0.95106 -0.97237 -0.99211 -0.99988 -0.98229 -0.92388 -0.80902 -0.62524 -0.36812 -0.04711 0.30902 0.64945 0.90483 0.99988 0.87631 0.5225 0.0 -0.54902 -0.92978 -0.96456 -0.58779 0.07846 0.72897 0.99988 0.68455 -0.07846 -0.80902 -0.96456 -0.36812 0.54902 
0.71813 0.97592 0.38268 -0.50904 -0.99002 -0.75011 -0.01571 0.70711 0.99988 0.75011 0.1409 -0.50904 -0.92388 -0.97592 -0.69591 -0.21814 0.29404 0.70711 0.94609 0.99556 0.88377 0.66131 0.38268 0.09411 -0.17193 -0.39715 -0.57501 -0.70711 -0.79968 -0.86074 -0.89803 -0.91775 -0.92388 -0.91775 -0.89803 -0.86074 -0.79968 -0.70711 -0.57501 -0.39715 -0.17193 0.09411 0.38268 0.66131 0.88377 0.99556 0.94609 0.70711 0.29404 -0.21814 -0.69591 -0.97592 -0.92388 -0.50904 0.1409 0.75011 0.99988 0.70711 -0.01571 -0.75011 -0.99002 -0.50904 0.38268 0.97592 
0.0 0.83581 0.92978 0.26387 -0.58779 -0.99692 -0.72897 -0.01571 0.68455 0.99692 0.80902 0.26387 -0.36812 -0.83581 -1.0 -0.85264 -0.48175 -0.01571 0.42578 0.76041 0.95106 0.99889 0.92978 0.78043 0.58779 0.38268 0.18738 0.01571 -0.12533 -0.23345 -0.30902 -0.35347 -0.36812 -0.35347 -0.30902 -0.23345 -0.12533 0.01571 0.18738 0.38268 0.58779 0.78043 0.92978 0.99889 0.95106 0.76041 0.42578 -0.01571 -0.48175 -0.85264 -1.0 -0.83581 -0.36812 0.26387 0.80902 0.99692 0.68455 -0.01571 -0.72897 -0.99692 -0.58779 0.26387 0.92978 0.83581 
-0.73963 0.15643 0.89803 0.89101 0.20279 -0.61291 -0.99692 -0.75011 -0.07846 0.61291 0.97922 0.89101 0.43994 -0.15643 -0.67301 -0.96029 -0.97237 -0.75011 -0.38268 0.03141 0.41151 0.70711 0.89803 0.98769 0.99396 0.94088 0.85264 0.75011 0.64945 0.56208 0.49546 0.45399 0.43994 0.45399 0.49546 0.56208 0.64945 0.75011 0.85264 0.94088 0.99396 0.98769 0.89803 0.70711 0.41151 0.03141 -0.38268 -0.75011 -0.97237 -0.96029 -0.67301 -0.15643 0.43994 0.89101 0.97922 0.61291 -0.07846 -0.75011 -0.99692 -0.61291 0.20279 0.89101 0.89803 0.15643 
-0.99211 -0.64945 0.24869 0.92388 0.87631 0.20279 -0.58779 -0.99002 -0.80902 -0.20279 0.48175 0.92388 0.96858 0.64945 0.12533 -0.41151 -0.80902 -0.99002 -0.95106 -0.73963 -0.42578 -0.07846 0.24869 0.5225 0.72897 0.86863 0.95106 0.99002 1.0 0.99396 0.98229 0.97237 0.96858 0.97237 0.98229 0.99396 1.0 0.99002 0.95106 0.86863 0.72897 0.5225 0.24869 -0.07846 -0.42578 -0.73963 -0.95106 -0.99002 -0.80902 -0.41151 0.12533 0.64945 0.96858 0.92388 0.48175 -0.20279 -0.80902 -0.99002 -0.58779 0.20279 0.87631 0.92388 0.24869 -0.64945 
-0.5225 -0.99951 -0.60042 0.27899 0.92388 0.89101 0.26387 -0.50904 -0.96456 -0.89101 -0.38268 0.27899 0.79968 0.99951 0.85264 0.45399 -0.04711 -0.50904 -0.83581 -0.98769 -0.97237 -0.82708 -0.60042 -0.33874 -0.07846 0.15643 0.35347 0.50904 0.62524 0.70711 0.76041 0.79016 0.79968 0.79016 0.76041 0.70711 0.62524 0.50904 0.35347 0.15643 -0.07846 -0.33874 -0.60042 -0.82708 -0.97237 -0.98769 -0.83581 -0.50904 -0.04711 0.45399 0.85264 0.99951 0.79968 0.27899 -0.38268 -0.89101 -0.96456 -0.50904 0.26387 0.89101 0.92388 0.27899 -0.60042 -0.99951 
0.36812 -0.57501 -1.0 -0.60042 0.24869 0.89803 0.92978 0.38268 -0.36812 -0.89803 -0.96858 -0.60042 0.0 0.57501 0.92978 0.98511 0.77051 0.38268 -0.06279 -0.46793 -0.77051 -0.94609 -1.0 -0.95579 -0.84433 -0.69591 -0.53583 -0.38268 -0.24869 -0.1409 -0.06279 -0.01571 0.0 -0.01571 -0.06279 -0.1409 -0.24869 -0.38268 -0.53583 -0.69591 -0.84433 -0.95579 -1.0 -0.94609 -0.77051 -0.46793 -0.06279 0.38268 0.77051 0.98511 0.92978 0.57501 0.0 -0.60042 -0.96858 -0.89803 -0.36812 0.38268 0.92978 0.89803 0.24869 -0.60042 -1.0 -0.57501 
0.97237 0.33874 -0.57501 -0.99951 -0.64945 0.15643 0.83581 0.97592 0.54902 -0.15643 -0.76041 -0.99951 -0.81815 -0.33874 0.23345 0.70711 0.96456 0.97592 0.78043 0.45399 0.07846 -0.27899 -0.57501 -0.79016 -0.92388 -0.98769 -0.99889 -0.97592 -0.93544 -0.89101 -0.85264 -0.82708 -0.81815 -0.82708 -0.85264 -0.89101 -0.93544 -0.97592 -0.99889 -0.98769 -0.92388 -0.79016 -0.57501 -0.27899 0.07846 0.45399 0.78043 0.97592 0.96456 0.70711 0.23345 -0.33874 -0.81815 -0.99951 -0.76041 -0.15643 0.54902 0.97592 0.83581 0.15643 -0.64945 -0.99951 -0.57501 0.33874 
