1
64
2.11653
3.61097
3.68763
2.45821
0.14058
-1.52394
-2.08128
-1.27211
-0.50132
-0.15021
-1.08907
-2.24955
-3.07529
-2.11929
-0.37997
1.43923
2.59224
2.50032
1.33191
-0.07564
-0.33301
0.47246
1.29753
1.62749
0.9842
-0.5382
-2.05681
-2.40484
-1.0365
0.43973
1.44925
1.31819
0.09011
-1.10193
-1.51609
-0.91137
0.41296
1.11726
0.81984
-0.51019
-1.83286
-2.16477
-1.18869
0.81939
2.20717
2.58583
1.71649
0.28295
-0.23396
-0.04984
0.69531
1.51776
0.93827
-0.5035
-2.48437
-3.80015
-3.32526
-1.71106
-0.11611
0.87076
0.4227
-0.01791
-0.31581
0.51691
